<Network>
    sizes : [7, 10, 7, 4];
    <Layers>
        <1>
            <weights>
                0 : [0.9662684646147167, 1.6507324761753435, -6.715090477512497, 10.125901769614325, 4.1894102743392345, 5.518643413655225, -0.14068953828525368];
                1 : [3.955374752142859, -10.086568194639908, -2.9766151608369187, -4.7973727762471725, -3.934603830936412, 2.1654220250530756, -2.166420936313707];
                2 : [-2.7920295778574893, -5.3119887098780785, 8.165938148064049, 1.8758781985735558, -3.3049534399105864, -2.8122322181066797, 1.7983403597904317];
                3 : [-0.8939284302579045, -10.6691565840361, 1.7369081430048288, 5.431901060792498, -0.012497023068563663, 1.454960221928261, -1.38696681468276];
                4 : [5.342253989820971, 5.203586488764964, 8.570680113574433, -2.7659869306315232, 0.34346357037347086, 6.5504977887626765, -1.0401501388401295];
                5 : [11.067775120280267, -4.650767762052315, -5.582389697089314, 1.934502911175477, -1.323683148924443, 4.546077685726833, -0.7883012263066921];
                6 : [-5.3124381743395555, -6.274371804505838, -2.8915963663471014, 5.476916183866118, -3.981830588746044, 0.610947859599394, 2.9705555362439493];
                7 : [-8.102865445080047, 2.485404043502084, 1.4067515106491781, 0.7742229918530572, -3.0102256331730457, 3.2284045256372416, -4.12153883872919];
                8 : [-7.6660147299738695, -2.677512258233659, 4.420716217407417, -4.285937712855086, 1.7510725162457579, 3.3753042292449407, 3.9357904690169305];
                9 : [-1.0746960243188985, -8.523012042518602, 3.590308401339113, -1.857855283526999, 0.9291936299841718, -6.5870578228805785, 2.026858779849246];
            </weights>
            <biases>
                values : [1.1986819104977653, 5.13294602111888, 5.38460962856074, 4.876368311967186, -5.204940088970092, -1.9474096498405908, 3.3734226218658114, -1.2628702331035893, 4.661993261027601, 3.9228810814906945];
            </biases>
        </1>
        <2>
            <weights>
                0 : [-1.6895651919201877, 2.8985093699193194, -7.103126703939396, -4.229542279593227, 3.7138005349618273, 5.921185732899421, -2.326496270710434, -2.8759414413602906, -5.143874691313041, -1.6492334999295146];
                1 : [0.10353992323849377, 5.497117750362017, -0.9112519558206785, -6.200844051682329, -0.2114879903280227, 3.8981649486736503, 4.433635360330876, -2.6799308515371374, -6.44464158516889, -6.691490204142774];
                2 : [-5.42059833353831, 4.032531660047026, -3.7282762837314865, 5.916949965396378, 4.491039123313928, 5.972200018830613, -9.445426275938921, -3.3251212122125064, 2.9221254373340804, -8.013686936049574];
                3 : [-12.833568727383527, -6.0838580831100275, 7.668930703871933, -2.658157494445887, -9.798209372171977, -3.785666611746888, 3.5873263302370986, 6.924135704663507, 11.634026498143914, -4.650077650374783];
                4 : [-0.32583106557305297, -1.8659700027408108, -3.197802720957066, 0.7460100892622418, -7.665858140820233, 9.236909218264254, 2.8650332540601404, -1.0398396015960931, -1.5229492306659729, -3.661295567930804];
                5 : [9.215226899899747, 5.284206814620389, -0.9650600340777998, -6.844583681096746, -3.4045712178224745, 3.678537259734685, 2.2021384903456394, 2.492113198913674, -0.5764693105685115, 0.978546452367991];
                6 : [-0.5158817786123683, -3.755752071584417, 1.2249361983786045, 2.091365092195333, -7.917242103803741, 7.2900156246519145, 5.187054662657758, -3.2122793294163623, 3.225791662577714, -1.8809597022002913];
            </weights>
            <biases>
                values : [1.760942774772695, -0.20059125711431988, 4.074465833489285, 1.4950560560365787, -0.6722975363957222, -0.20583477034720432, -0.35970989312115587];
            </biases>
        </2>
        <3>
            <weights>
                0 : [-0.6336138959642238, -0.04287953996318566, -8.698483180776508, 13.971371457682542, -4.574874514654397, 6.926487800937431, -2.586104859105087];
                1 : [-14.293458083801458, -9.433223106626343, 8.8865290143048, -12.563088327676429, -5.850273846408587, 3.6901957999248167, 8.618280683491687];
                2 : [7.135008533018709, 8.62552123154624, -13.58999112857934, -7.842198889648648, 5.175224582710361, 0.47179465041304, -11.270427283118014];
                3 : [1.0206154730714534, -5.623181624528206, 12.073396319838201, 4.37057754777052, 9.6332168512856, -10.079760620452712, 0.12401352363552928];
            </weights>
            <biases>
                values : [-11.56578079106215, -6.405330889304273, 5.573058930418562, -8.504467477553641];
            </biases>
        </3>
    </Layers>
</Network>
